4738294238
7384929384
1928374657
5847392910
3098475621
1245678903
8675309124
5039182746
6958473021
2183765904
6540921873
2378561094
8475932160
1092837465
5846392017
2391408756
6709845123
4512908376
8937261450
6152039784
8903456217
3049726815
1275048936
9836174520
7560412983
3456728901
4921837650
8607543129
5781296340
2167893450
9432018765
7098351246
6825730149
5304789162
2193458760
6941572083
8740629315
2059687314
3178904652
4685231907
1362578049
9856317204
7248965130
3701894526
1958376248
8432165097
2675948310
5091837264
8310472596
6725340981
4358712906
2806549137
1973465208
5648927310
7490132865
3126854907
6980145237
483175962
5738906142
9264871350
1038562479
2549617038
8760423195
5319082746
4921875630
7683019245
1497250836
3954782160
175248963
6284357109
3049857261
9512376840
2768045139
5890613427
428576913
7138290456
8653041972
1305928467
7249650813
3561204789
9876042315
1287346509
5432890176
6709231548
4518673920
2398746501
157329486
8965012374
7284615039
3156947208
6409873152
9723456180
8315602947
7592183046
4063971825
1825049673
2947836150
5081324769
6309147852
1748965203
5738291460
1942783506
8601239745
7359614028
2495706183
5183270946
6748903152
3926540178
154872396
8269341507
3078954612
4861207539
9528473610
6314082957
2073645891
5742890136
1892037546
4601385729
9387052461
6150893472
7245031986
8902164735
3456128790
9610875324
2379456810
5087263914
6820431597
1435709682
7954218630
3680792154
2103458976
5794612038
8640321975
3921750846
6072139485
9586403721
1738240956
4209765831
1862537049
5340196782
7693801245
257946138
4916872503
8304157962
2569013847
7041385692
3158967240
9872546310
6427315908
1584072396
9203845617
4367590128
7816042359
5032961487
6489702153
3721058946
9812476503
6053897142
2945716308
7308624951
5692104837
1435087962
8726135940
4619853270
2037564198
8951246037
3178062954
6409537812
2853719604
7461825309
5397082614
1705249836
8623015794
4958372160
6742159803
3189067542
9254078163
4061297538
5873640219
1368905724
4723516089
6952408173
2809463157
7193856204
3640281597
8102573469
5470396128
9263145078
317854629
4589702163
6301857429
2975346810
1840675932
9563427108
7108964532
3217049568
5893612470
472986135
2635718049
8159406237